10
195
9272 387
3317 246
7984 2758
5035 6017
5985 3526
2742 9956
6173 5439
5632 7474
9517 5097
5516 7230
5272 1792
2376 2124
2157 3984
5332 9957
2011 7335
752 6053
4562 8575
6680 8128
4177 8188
9415 255
2595 8649
6845 6762
4202 8943
316 4436
5748 1322
2074 4290
939 7570
9896 4801
3204 8787
9179 3395
7643 1283
7805 8743
5475 2198
9733 2202
9714 5762
4642 2323
933 538
8263 8886
4716 7262
7309 6343
4327 2870
4985 7091
4142 2886
6423 9696
9661 7240
3202 8320
7337 8157
5818 4922
6422 2488
1672 3316
6345 5782
5581 6087
9905 3330
8836 5072
1463 342
3405 8589
6280 1690
97 7221
1487 6945
860 3429
9823 77
8396 214
8984 4709
6390 4991
4850 4530
9103 7939
1770 9580
6603 3579
4381 4338
4345 4197
7582 2870
9595 3588
5868 9443
9447 9856
7715 1459
591 1088
2221 3964
7637 1309
1948 9349
5514 8588
6432 6482
8237 4585
2149 6025
4925 5401
6516 4269
7268 6066
7665 9612
3924 4636
156 6687
9002 7870
2099 9964
2854 8009
9016 7932
2726 2188
8943 3710
5957 2351
7885 2000
1836 4415
5214 7068
1737 7183
3225 437
6799 5406
7561 852
8719 4016
3259 6562
173 9795
2517 1667
2086 3987
1028 9089
3501 7044
1742 1030
7965 9702
8755 8552
5352 4892
1694 6241
969 8780
9408 9387
1658 5089
1472 4145
3570 3482
2248 2312
3444 7894
17 5407
2691 2266
5259 4480
1729 1800
6600 5669
2923 1951
4426 8082
8098 6646
3294 4918
1559 6605
5363 186
9063 472
7297 9890
1143 2780
5953 8215
2837 6870
9029 676
5776 2923
2413 7268
86 6986
2945 5358
7216 1038
1921 6885
6382 8710
6879 749
6698 2668
1251 5526
3366 466
3189 2945
3178 5225
8758 3239
2322 8340
6126 7448
1909 831
8296 7527
1501 9099
211 3940
4631 1056
9275 2986
5683 7874
6842 4860
4337 9731
3568 4490
5042 3445
7875 9444
8283 3880
2905 8188
2672 9971
2703 9888
5058 9704
2459 4738
1392 2410
2327 2216
3599 410
9191 8957
753 1095
3333 3087
9278 3028
9437 3707
9718 7991
868 6494
5895 275
8670 9973
1898 1820
7449 9817
8964 2001
1686 4342
6514 7456
6673 8807
8490 1883
3330 6654
2841 1880
2355 7489
197
9494 7166
6048 1800
6454 9903
7426 386
8017 5006
2321 6703
2838 3849
1454 2053
8154 4927
68 4594
9851 8922
4382 5668
667 8102
2657 434
3945 4785
1893 6014
4349 5970
8955 7866
2195 7772
5635 2153
1911 6162
7854 3862
7629 7270
456 2035
9035 3822
4267 764
4431 5593
4682 1251
3820 8762
4191 7694
3905 5020
8013 3267
4220 2301
7161 501
3899 1978
7140 2733
8707 6465
7886 1071
7237 1674
6057 1197
1557 2060
8749 4543
5576 5493
5533 5175
2647 4397
6710 5184
2144 7563
2541 4519
232 6638
2593 115
765 5815
5509 4619
7794 3708
2671 7789
338 1894
1230 4017
3752 6166
5489 7676
2592 8183
5988 2570
1428 9609
9609 9520
6827 7074
3678 5147
5585 47
9688 6845
9443 7279
7265 709
9052 4177
1034 9835
9682 2868
7530 4136
6968 3539
9238 3479
4196 2894
5727 45
1363 6358
1798 2516
1401 4831
6700 788
8480 6284
8031 4659
255 9661
9074 2378
5303 725
2520 1738
4089 5177
9148 8434
9370 8646
160 3204
2909 2453
8354 501
4160 5581
56 2625
7583 9642
4413 3365
694 7408
143 8003
1405 1683
9079 980
5334 1075
9537 4751
2235 9988
4193 2709
7042 3682
3956 6666
1559 5631
4073 9266
6084 5857
1950 183
8690 3160
2758 4538
934 3377
3348 9562
3538 7897
1894 733
4564 4617
5112 5216
5278 8226
1969 747
3786 1651
4985 5048
6232 3140
1588 4945
3519 6215
3763 4147
6544 201
2696 1148
2915 3795
3507 9284
5190 7651
7880 3192
5781 509
2990 8614
5622 89
7600 6683
5534 3100
6619 6136
7310 2434
7914 6861
3240 7943
8114 5139
9895 2964
2939 8740
8476 1943
9181 5373
3596 8099
1838 7081
1091 2036
3047 1377
5370 3377
2430 6974
7985 9500
7043 2721
30 7023
4801 7054
1224 9690
6287 250
2779 7250
4088 6202
3072 8035
2676 6560
5360 4484
2541 8614
3405 9126
8263 9343
3674 8250
30 3994
807 6283
657 8067
8049 3047
9578 7355
3508 8668
6945 4648
6358 3030
8732 5826
5577 382
3333 4057
793 7730
354 1971
8112 259
4381 4363
6834 8561
2444 8154
6950 6430
9730 3521
5066 1902
6636 5523
3199 5001
7579 2926
6347 680
9062 3192
6156 7273
3054 6863
3516 2905
5654 946
6910 9479
196
885 2964
967 3768
7886 7110
7294 2237
9102 1374
3674 1113
4355 1519
970 3132
3261 4125
9124 6239
7591 8370
1816 3118
3832 5173
8108 5740
37 8469
3949 5425
900 9466
7309 8473
1877 4274
9823 3481
2338 2956
4975 9236
1843 5702
279 9292
2086 5117
9378 8590
7700 2563
1104 5330
7006 6532
4488 1087
124 8798
6086 5355
2115 6904
3808 2365
4677 9648
2063 4745
9804 4128
6878 2379
7278 3313
9321 7517
8319 4887
9629 3406
3897 2356
1838 2835
207 4348
5349 7256
8817 22
667 8392
9313 7772
9477 12
9523 9003
7488 5173
6505 4551
4074 271
3917 8731
6325 893
735 34
7303 6501
1684 3613
5532 8932
8941 9984
2244 2688
8427 451
9912 7046
672 6183
8128 9522
6315 1660
8220 9335
9926 6320
518 9055
3309 5253
9660 734
9803 6661
9505 764
8506 3421
7502 7903
2028 3042
4533 933
7643 2194
7228 6070
321 3581
8184 5316
2046 9228
3031 3123
2154 5917
8424 7853
4234 1766
4233 9832
2646 2884
1542 1299
1438 4411
8048 3363
3754 2607
9676 9840
6185 7697
9737 68
8739 5717
8150 690
3284 7904
8129 8696
5943 7849
5393 3679
5458 1227
1242 3493
5365 5590
558 4906
9171 2434
4638 6850
4261 5457
663 4638
2230 9658
7386 2346
1722 5445
1264 3204
3858 7638
1345 2494
9747 6009
9371 9862
2813 7995
925 9584
2793 7789
6921 5643
7749 1701
6512 3916
1720 2824
9505 9662
3872 5521
4899 9062
7998 3169
8669 980
3087 9262
643 1124
3899 8357
1251 8018
3905 3847
9526 6677
1029 9053
6245 9866
8773 4595
3181 389
7677 3991
2581 9222
1054 9594
3874 2961
5823 7049
2404 4108
531 9731
3254 8238
9047 2187
8877 5691
7567 6757
6348 873
3685 2924
2568 2552
8006 8090
6311 9218
415 6462
9762 3074
5036 4971
5985 8849
7368 2413
1166 9183
1829 2078
8567 8073
6035 3390
1537 4858
6980 8440
7946 2287
5901 2989
5715 8734
8525 5539
5895 8654
7431 1132
1660 9004
8495 3738
8682 8407
9169 3808
1507 7260
9025 7195
2834 7543
7927 3209
5371 5068
8912 464
7258 7846
1636 9679
1447 3555
2502 1503
4603 3734
4212 7554
8597 9726
9908 8227
7752 6299
9087 3492
4074 8168
1445 7311
3298 5153
199
6395 9015
7101 5132
4385 2528
723 3760
2082 8227
6952 7527
9631 3931
83 4571
3639 7650
3332 719
9455 502
6367 9762
5099 2752
4376 5252
5083 7586
7474 8799
9237 8725
2233 8983
7611 8625
7227 2109
7597 3909
8663 785
9577 1674
6302 3307
7972 6089
8433 3831
7601 7901
7497 1657
3130 7572
8869 305
3617 3620
6971 7269
4082 5638
7112 6233
4822 8431
5390 8514
8522 9313
8471 9914
4549 463
1326 5616
9329 3192
4974 1880
4467 2767
7006 4619
5739 1490
2461 1956
2592 7505
1280 9630
6393 355
4699 1139
8987 6383
3349 5551
951 8608
3010 4560
6886 1189
6140 2455
2189 8390
4232 4140
9560 1297
7182 1598
2851 1103
148 7031
605 760
6629 2965
1777 674
6936 2839
7139 5266
9201 3155
5131 3071
4980 7405
5065 2422
4090 8617
9862 8312
3870 8159
328 7806
4164 3672
95 5038
3345 3958
4384 5757
524 2180
3952 4200
6817 1932
241 3711
7264 6718
3281 5323
6659 3811
8591 7253
8056 4939
4533 5811
8447 9982
8564 575
3550 4275
3992 5285
3387 5534
3881 9037
934 2131
321 5330
8311 7336
4353 1024
5546 1612
7919 87
1333 6560
2996 2756
4706 5148
4162 6424
539 664
2361 6788
1523 3734
9039 7537
6848 3089
9791 5798
6834 840
477 9009
5314 3847
7513 9658
3669 1743
1570 5438
7090 1527
95 9742
2462 684
7505 2590
7418 1821
2662 2293
6647 1188
9887 2472
3972 2805
4640 7634
9354 559
5290 742
9840 9702
3787 5823
3990 5931
5686 9100
8791 5024
5088 4974
1670 8135
773 567
2600 1956
4754 8723
4444 30
8073 5946
5401 4263
6432 6306
4685 5497
6680 5220
7838 5001
1031 9882
3893 2991
1587 5030
4581 3121
5121 3295
8962 8171
8237 2655
3671 663
2677 7115
6729 1930
1783 8094
4488 5305
9796 6890
694 6500
214 8919
8721 4436
188 5465
5216 3992
6167 6754
2564 2950
8962 3656
9625 4144
7568 9065
4078 9899
6263 4451
1602 3652
8790 2728
527 7005
6822 120
6107 1830
6793 3373
2577 4633
4065 6917
8741 1799
2078 5296
4949 2196
8872 5820
5010 4870
4774 5599
4324 9163
3149 6875
7784 6639
8052 7414
6810 1984
1929 3411
9142 7246
7350 732
700 7277
5274 8788
4404 9738
7371 9513
6784 7761
9500 6429
200
6607 772
5348 672
5252 8537
189 695
7209 1813
1683 1828
5597 4496
1818 8047
7253 7809
4099 7921
4481 8152
1707 5362
5717 547
5120 6515
5327 9802
6712 601
1978 4243
4234 3002
1962 3390
3324 1339
6297 2175
2286 9555
5213 5247
6960 5917
3142 9977
1703 1215
7176 918
963 6133
1118 6312
3816 2019
4422 931
8760 1917
45 5372
80 3048
3224 1915
7123 3504
8999 1905
9064 8359
3475 1884
1648 3584
8517 1624
400 3089
6028 5870
7990 5193
3085 2531
4222 4525
9557 5480
758 9231
5327 703
9282 5811
5737 3991
2100 6852
4374 9491
4536 9338
6202 3454
2692 7182
6576 7399
7489 2402
3257 3357
6111 9756
1550 2353
3557 8997
6423 1427
1762 2508
5948 7992
2085 5408
3599 6875
297 5224
1197 1766
6658 4674
5320 6974
8776 5959
5803 8549
3353 9341
5396 9822
6627 5209
9772 8027
6088 6591
438 604
7868 6694
4229 9576
3999 7871
1790 956
9091 2984
2465 2571
9244 9978
2270 3021
6530 1597
7568 3552
6885 2398
4479 2466
505 5455
1505 4268
1276 7371
2633 1853
215 8167
473 3546
6592 1263
4091 8847
9813 5455
3496 200
6448 1072
3835 8094
9352 266
5332 204
6371 2479
7431 5768
5445 6601
2355 52
487 9026
7243 3077
2741 1968
9588 4330
1552 9766
665 8806
7186 4694
1880 2811
3185 2005
9138 5809
8801 5330
7723 5805
9398 9392
9384 9907
7288 8361
8252 5282
7984 6675
3478 2677
5929 2010
4229 6916
8031 8273
7633 2329
6739 8909
4482 271
9342 8415
7395 4548
4248 2249
5618 258
3714 366
9568 5165
7186 9731
2184 2510
2357 8227
2109 622
5602 1463
6573 5570
8746 8199
442 3586
2398 8560
8809 6667
7554 2835
3513 6202
1350 6667
7885 9191
291 5156
1600 7008
4456 2028
8182 7043
3911 1882
567 9549
1220 3856
6016 3087
3801 5298
4550 4087
9503 3583
4578 3215
9730 5505
9509 5409
3365 7011
5143 7494
7357 488
6994 6680
3783 3691
2977 9531
9246 2995
9662 9204
5897 5376
1036 2516
5900 8201
811 6480
1030 1920
6334 7369
8889 8754
3997 4044
2901 2621
974 794
9686 1288
1406 4940
1522 8711
4415 1968
4989 9727
5573 2441
6225 6782
5335 980
6792 1463
7116 4433
452 1288
4475 313
4902 7461
8991 5802
4361 376
194
7558 6247
2888 7264
1063 2297
7700 112
5757 2597
1543 4632
2473 1004
8761 3813
5694 6487
7496 7751
7656 1253
791 9468
1204 1368
3821 8247
1646 5294
8399 8927
8092 846
2815 3861
2669 8433
2305 5821
2414 2243
6168 7174
3999 8801
5050 1948
8126 797
846 3983
5030 1863
592 2920
9671 6819
4968 756
3572 9503
3379 6382
7903 733
6457 3261
9810 4773
3568 8955
9603 4717
8 8837
5851 7148
6503 3829
6195 380
8841 9249
7244 1075
7718 6922
7183 8532
8065 3150
6985 2713
1393 9344
2901 3394
6944 7120
8441 8376
9937 7738
4572 2839
8292 4730
6753 3257
7087 4563
9644 200
2565 3678
9706 5432
7853 780
9692 8133
2766 3321
6040 6645
7368 8971
9723 1573
1742 2113
6678 4408
5808 1053
142 3333
4726 5007
9845 7624
7543 8530
6205 7724
4682 745
8932 738
5524 9850
7242 1063
225 7126
5061 1799
2693 413
8937 749
5124 4157
2122 7175
9631 5548
5804 2444
2886 2946
3108 1696
5558 153
6586 4441
2422 3490
6872 6307
8171 8608
2875 654
8950 7445
5998 3984
9828 9396
9727 9855
2925 7367
3325 2147
8450 3561
5157 9372
3321 4886
1226 5754
9008 4450
3479 3541
470 975
5553 7024
6694 2295
259 3041
9628 910
7125 6883
2599 6310
9719 9200
4194 7933
6570 1940
8204 3507
6587 2315
4175 2295
9907 1444
3486 47
7482 7936
8374 2770
3910 6653
4899 4089
8459 1115
4729 4361
1737 5634
5973 7149
8462 3625
721 4371
7709 3854
958 7389
2278 1781
9740 575
8631 4746
2473 8976
7159 2998
581 7224
9127 1784
3138 1854
2614 3637
4224 1918
2309 9009
6345 7100
3691 3700
7825 5582
9756 6031
5355 1438
5465 998
4831 8207
4646 5522
2583 3930
6301 3409
9332 203
5737 8718
711 9671
871 265
2933 3869
6998 4696
3304 6571
5353 8124
5792 9241
2174 4894
5523 7129
2713 6452
8835 496
9632 3683
47 7003
3566 6479
1277 7733
3610 9163
6150 7558
3297 6660
999 2738
2520 6824
8501 1184
5875 2091
740 4030
1089 4738
3052 2734
6933 3462
4696 6508
5172 2729
6236 9916
4739 5989
1285 6697
367 4443
8454 9570
707 8409
3398 5430
3883 8453
4725 6265
4376 7862
1527 1236
200
9390 8437
4479 6007
4978 478
174 2012
6356 7221
9 7888
9050 6378
7759 4346
7306 6265
6365 1343
8377 853
8099 9111
5476 3577
2397 5079
4599 6763
2862 764
2915 9304
7497 2101
7037 6060
302 1040
3882 9394
5398 2573
504 3157
6429 5891
343 5808
5049 2635
2488 9510
4214 1899
3351 4271
8694 9126
9134 8235
4601 9999
2065 844
4136 4440
3707 4806
2022 1052
2694 3623
1610 8577
6049 4469
7922 8447
6602 2748
3917 2710
9767 3737
7145 6217
8686 6190
1881 1282
4767 5491
4029 4650
3118 1939
3278 9110
5872 599
2220 581
6428 6443
6354 3513
6037 3650
8669 8232
1386 1114
8821 8458
80 7745
282 7837
4685 1175
6955 2683
816 4934
1140 1045
6668 5265
6247 1304
1891 1020
3458 8351
6752 9408
9758 7824
2643 2550
6033 2906
107 943
8518 158
3319 1552
4095 9637
2659 4525
2395 5009
1898 2888
1277 1381
9688 191
9614 902
6635 2971
7772 7269
6488 8741
7799 4410
1422 6280
5997 2162
9042 7864
8680 4149
8048 9075
7313 5958
7832 4276
333 8133
3120 9957
6358 5375
9867 5681
5569 6897
6578 8554
9661 8039
1672 7482
3128 2162
4967 1592
7901 8646
993 70
4072 9331
3295 4986
6799 5901
5282 7600
8320 7257
1328 9333
9477 6672
248 861
9034 6318
5318 4430
491 2460
1589 6248
1959 2616
5970 4089
6231 7322
8385 5069
7529 1948
9594 1103
5207 8777
5779 6021
6462 337
2995 5727
7339 4328
8171 3697
9564 6212
1792 3143
4114 8037
3495 3179
7818 2683
4514 7823
5589 4112
5915 8665
2959 5162
4980 4212
298 7969
5034 6717
6237 7883
5460 9874
1468 106
1271 9777
8743 6158
4070 8235
6535 553
6936 8356
4867 7734
7265 3729
9216 9376
7233 3000
5819 9961
2778 4537
9519 6406
5643 9109
8418 3816
366 1688
1065 9270
476 5854
730 1329
8219 5772
9573 2105
329 7436
6790 3071
6064 7635
2181 641
9460 4869
6589 5018
4033 5573
926 6040
3562 2375
4884 5347
4059 995
2714 16
1737 2596
5477 1944
384 4597
8575 7486
7326 9868
2931 80
2908 8802
727 6257
5842 6422
4478 3586
712 6959
2612 852
2312 2376
3038 4411
1010 1112
2023 9853
9505 2612
7275 185
6715 8776
751 4676
7734 7665
1597 1300
3991 2735
8628 1660
197
9610 9620
1422 7827
2615 1081
5300 7216
936 8808
4490 8403
1480 3820
7809 9603
9290 3271
7592 9585
9545 4394
8743 1542
4662 8668
4733 1306
4493 9740
5008 5581
4115 4200
9168 5289
3082 6710
916 6275
6286 520
7212 1408
9606 3737
6380 9389
7192 9903
6259 2659
523 5845
5826 6459
9347 5227
573 6003
3636 6914
9559 3990
1586 9790
5397 6057
1537 4205
4728 2876
3312 6266
1568 1604
775 8245
2509 8493
6052 2587
7031 2555
6197 9688
9346 3762
5671 813
8638 1957
1966 8546
9552 2477
5959 636
7691 5944
959 5379
2754 3986
9862 1245
3318 4829
1949 7181
8425 2359
4284 9062
8389 3637
3814 3675
8342 8915
3887 7389
7720 6653
6494 6972
3873 7481
3578 1725
4400 5034
6119 6323
9378 8480
3049 1266
2250 5805
7235 4635
8759 4910
7222 8896
769 4106
7772 1666
7268 6013
5868 2898
9983 2931
6683 5063
2648 9165
6814 5149
9179 2974
7597 4634
5428 1425
3330 7820
9713 4855
8632 2074
6256 1410
7136 3960
548 9965
5491 7810
3050 3587
2982 4617
5975 1225
7844 3168
4085 6809
7857 2866
1159 9230
9830 2435
8713 4275
8411 8631
3687 9436
6638 7909
2535 8126
1130 111
2436 1162
1914 7570
298 4897
8687 425
657 2762
22 5296
9874 6689
2848 2202
8479 8612
6416 6009
7334 8207
1734 7404
7188 6892
7127 9149
6299 5783
4509 7192
6962 1896
2062 3762
740 1671
5625 2802
9534 6632
8674 2782
5385 147
6860 6618
4765 2871
4355 6527
3433 8169
5637 172
3442 8102
1227 5990
376 6252
2272 4790
5517 7439
929 1855
6315 6654
1155 9764
3424 7248
3666 2407
9139 8953
1 4362
7366 5174
4528 44
4498 2546
6260 3668
5385 4832
679 2049
7948 8838
5717 800
1671 4142
9148 4312
6393 7191
6521 2786
2239 5618
2823 7700
1322 2769
9609 5455
7466 6049
3395 2769
5358 466
1314 4013
3954 5393
2964 15
9871 7225
124 6334
1785 6767
8186 3284
3341 4429
154 2050
9710 876
1355 1087
1308 5037
4012 4318
8906 4552
7859 9085
9407 7792
4685 1046
3380 7368
5074 1942
2877 4997
5686 723
7689 4020
4306 5827
2610 8711
5248 6744
6937 1570
2630 8442
489 4937
9428 7966
8295 4915
8858 5272
1225 465
4386 9492
197
9915 2428
3242 9342
5744 2530
9611 750
5413 7377
3785 2370
6551 7992
9960 6402
4252 5675
3212 4091
2408 2432
2622 2356
8596 6916
2639 242
5091 7661
7383 191
6337 730
3811 3432
2636 4237
4940 3621
3676 262
2958 264
564 3249
1870 4660
11 6423
3895 2965
722 5116
9077 2659
5983 1627
7248 2514
908 6053
2045 7198
1370 9035
6592 2411
5374 9425
5904 638
269 2976
3295 8357
7060 6479
5222 5625
5605 7771
5918 3290
746 7706
8912 3631
2514 2557
7555 9213
166 7635
128 1422
806 6881
2109 8443
9336 8054
1021 9789
7496 5783
9029 5789
7125 6292
3174 2487
2664 330
8268 9001
2882 251
3176 5556
5263 9893
1074 7928
8689 1132
426 4277
1860 4273
7000 7713
6961 4597
477 191
5649 2746
2749 7340
3430 1466
2673 6630
6872 1162
3145 4542
6000 2362
3338 3382
3621 9062
4853 5726
8208 7660
8680 4383
6955 8979
9638 1470
3104 9264
736 81
8263 5350
8671 7665
6094 8088
7896 72
1373 2106
3355 9531
3417 1572
4772 7876
4279 8438
9543 6700
1037 6552
6137 6901
8957 7679
6900 7804
8518 6686
620 1985
9043 8458
3537 9359
6719 4214
4906 4460
3615 5372
9103 8519
5327 9335
6393 930
3611 5121
2105 2818
6474 317
7212 3013
2440 7694
4249 2844
5451 1476
6853 9327
99 3488
6450 4262
5124 7519
981 2388
3475 2496
7798 3597
1590 3375
139 2486
3495 8439
1085 3417
9631 9829
5286 2472
4786 5450
5737 2974
363 9777
6730 4358
467 6221
1768 1169
5303 3176
7384 1087
6907 3167
4216 1940
6942 2066
5475 9348
5721 7774
3347 9318
8792 5310
6899 2019
4910 4676
896 5994
1555 8638
9103 3273
39 3689
1067 3548
6834 1772
3263 6677
2745 2418
8664 2358
7246 2355
923 8753
5844 9470
7229 6130
3692 967
9126 3703
8625 2398
9025 8539
6810 1521
3361 3676
5752 3145
4607 3604
4412 5681
4233 1390
3508 2305
5034 241
4894 4711
6615 8438
4514 3159
3888 3461
4522 7479
1884 3744
7526 6757
9544 2796
2120 5858
348 4953
265 3189
6716 1966
1808 2876
8850 1431
1375 8490
8301 1967
7567 1197
6708 5289
3812 3402
8112 737
7110 5204
8610 8448
8381 5597
965 6668
7246 1861
7456 4424
2388 3546
196
2173 3032
2260 2851
8553 7584
4690 81
3075 3170
8098 2838
8737 2136
8277 640
2686 4735
4721 9212
4520 2141
8620 6188
5168 2109
2168 8958
2376 668
8516 6436
5498 3294
1447 7752
2675 1270
541 6030
661 9516
2467 1020
6861 2271
9421 8978
9677 7534
8988 2437
1890 3245
76 8486
2974 7720
886 1797
4941 244
2258 5110
7352 619
5942 6137
3160 6143
4195 2878
2072 1251
1661 1934
5763 9555
5213 5912
3516 6758
7014 9448
589 8606
3807 1149
6146 4359
5289 3768
6419 2284
9658 2265
6558 6463
4868 4245
1678 9038
7291 5816
8985 119
5417 9095
5669 2441
6086 3171
1240 1316
7276 5456
5047 7232
2769 8507
6634 3427
6777 9133
4185 8429
6802 1325
6014 1960
9108 7369
1696 202
4317 8366
6307 782
139 3731
8341 8431
9864 4227
986 4472
6453 440
8516 8162
3335 5001
8675 3727
2910 9357
6165 1331
359 6637
5059 2332
6666 7165
7785 9504
8280 6315
5200 9247
8392 129
2655 7132
788 3406
5621 6972
7501 4350
3049 1340
6885 7657
995 8070
7091 8352
3072 2557
3869 9805
1954 2998
7903 2208
6274 1366
1538 7503
7010 4093
1536 5596
1482 6680
1095 9470
2085 8382
5814 3171
479 1329
5254 549
1506 5878
4288 2010
7418 4017
458 8419
9325 6840
2554 2960
1129 6785
1318 2925
5384 4793
8141 4660
4168 6200
5013 7719
9667 8513
8134 2823
2620 3261
9194 7167
8399 5885
2582 554
2039 9142
4257 6475
9784 6335
4383 2515
5370 165
7109 6067
3350 6388
3212 4041
4095 9215
5280 9861
5498 4774
7067 4401
7819 9233
4786 2373
3941 2750
4121 7296
3256 6649
5644 2367
4437 1066
1231 1544
8692 974
2433 7150
748 8342
9802 2325
4394 4194
6209 3509
9938 3098
7472 3568
7527 6284
9511 634
2253 5504
1409 9848
5019 3558
3269 3947
89 8911
6531 2208
7434 624
6231 3847
3524 3816
6462 4209
8999 9813
2285 416
6101 4165
369 3592
7712 3662
4108 1093
1967 4264
4917 9322
6438 2612
6596 5647
8804 7647
5363 6973
2024 9270
8368 6490
3170 3660
7543 7968
1684 4469
1622 5311
5317 1161
5942 5307
1734 7558
1191 3416
452 1296
4478 5276
1345 3854
5114 2419
3409 1031
9868 880
1096 1527
4172 431
